# WaveFront *.obj file (generated by CINEMA 4D)

v -100 55.16500091552734 27.4984073638916
v -100 57.16500091552734 27.4984073638916
v 100 55.16500091552734 27.4984073638916
v 100 57.16500091552734 27.4984073638916
v 100 55.16500091552734 7.49840831756592
v 100 57.16500091552734 7.49840831756592
v -100 55.16500091552734 7.49840831756592
v -100 57.16500091552734 7.49840831756592
# 8 vertices

vn 0 0 1
vn 1 0 0
vn 0 0 -1
vn -1 0 0
vn 0 1 0
vn 0 -1 0
# 6 normals

vt 0 0 0
vt 0 1 0
vt 1 1 0
vt 1 0 0
# 4 texture coordinates

g Cube
usemtl default
f 3/4/1 4/3/1 2/2/1 1/1/1
f 5/4/2 6/3/2 4/2/2 3/1/2
f 7/4/3 8/3/3 6/2/3 5/1/3
f 1/4/4 2/3/4 8/2/4 7/1/4
f 4/4/5 6/3/5 8/2/5 2/1/5
f 5/4/6 3/3/6 1/2/6 7/1/6

v -16.67624473571777 84.96929168701172 -69.74418640136719
v -16.91884231567383 86.91826629638672 -69.36650848388672
v -5.28631353378296 48.35019683837891 126.54466247558594
v -5.52891206741333 50.29917526245117 126.92233276367188
v 14.53330516815186 50.94625091552734 125.87891387939453
v 14.29070663452148 52.89522552490234 126.25658416748047
v 3.1433744430542 87.56534576416016 -70.40993499755859
v 2.90077590942383 89.51432037353516 -70.03225708007812
# 8 vertices

vn -0.99098098278046 -0.12980228662491 0.03328751772642
vn 0.05694951862097 -0.18309435248375 0.98144447803497
vn 0.99098092317581 0.12980274856091 -0.0332873724401
vn -0.05695000290871 0.18309812247753 -0.98144370317459
vn -0.12129924446344 0.97448825836182 0.18883633613586
vn 0.12129924446344 -0.97448825836182 -0.18883633613586
# 6 normals

# 0 texture coordinate

g Cube.3
usemtl default
f 11/4/7 12/3/7 10/2/7 9/1/7
f 13/4/8 14/3/8 12/2/8 11/1/8
f 15/4/9 16/3/9 14/2/9 13/1/9
f 9/4/10 10/3/10 16/2/10 15/1/10
f 12/4/11 14/3/11 16/2/11 10/1/11
f 13/4/12 11/3/12 9/2/12 15/1/12

v -93.37567901611328 51.3530387878418 -38.24017333984375
v -93.60753631591797 53.33948135375977 -38.25716781616211
v 66.53842926025391 71.03214263916016 80.25122833251953
v 66.30657196044922 73.01858520507812 80.23423004150391
v 78.32396697998047 72.26992034912109 64.14008331298828
v 78.09210968017578 74.25635528564453 64.12308502197266
v -81.59014129638672 52.59081268310547 -54.351318359375
v -81.82199859619141 54.57725524902344 -54.36831283569336
# 8 vertices

vn -0.58927714824677 -0.06188667565584 0.80555725097656
vn 0.79957050085068 0.0983956977725 0.59245699644089
vn 0.5892767906189 0.06188846006989 -0.80555737018585
vn -0.79957067966461 -0.09839438647032 -0.59245693683624
vn -0.11592954397202 0.99322110414505 -0.00849793571979
vn 0.11592954397202 -0.99322110414505 0.00849793571979
# 6 normals

# 0 texture coordinate

g Cube.2
usemtl default
f 19/4/13 20/3/13 18/2/13 17/1/13
f 21/4/14 22/3/14 20/2/14 19/1/14
f 23/4/15 24/3/15 22/2/15 21/1/15
f 17/4/16 18/3/16 24/2/16 23/1/16
f 20/4/17 22/3/17 24/2/17 18/1/17
f 21/4/18 19/3/18 17/2/18 23/1/18

v -68.08305358886719 52.36508941650391 102.69979858398438
v -68.17771148681641 54.36108016967773 102.78390502929688
v 81.12708282470703 65.02732086181641 -29.87472343444824
v 81.03242492675781 67.02330780029297 -29.79062080383301
v 67.84297943115234 65.02732086181641 -44.82572937011719
v 67.74832153320312 67.02330780029297 -44.74162673950195
v -81.36715698242188 52.36508941650391 87.74879455566406
v -81.46181488037109 54.36108016967773 87.83289337158203
# 8 vertices

vn 0.66420501470566 -0.00000038504535 0.74755048751831
vn 0.74605059623718 0.06331145763397 -0.66287267208099
vn -0.66420525312424 0.00000211476959 -0.74755024909973
vn -0.74605065584183 -0.06331145763397 0.66287261247635
vn -0.04732826724648 0.99799382686615 0.04205158352852
vn 0.04732826724648 -0.99799382686615 -0.04205158352852
# 6 normals

# 0 texture coordinate

g Cube.1
usemtl default
f 27/4/19 28/3/19 26/2/19 25/1/19
f 29/4/20 30/3/20 28/2/20 27/1/20
f 31/4/21 32/3/21 30/2/21 29/1/21
f 25/4/22 26/3/22 32/2/22 31/1/22
f 28/4/23 30/3/23 32/2/23 26/1/23
f 29/4/24 27/3/24 25/2/24 31/1/24

